[[[ 89 243  55]
  [171  43 207]
  [144 217 157]
  ...
  [128  74 213]
  [ 75 194 204]
  [151 255 120]]

 [[ 28 164  65]
  [179 246  74]
  [231 105 108]
  ...
  [ 87 184  31]
  [ 60 249 233]
  [191 109 178]]

 [[ 67  53 171]
  [211 178 198]
  [  8 153  49]
  ...
  [184  61 236]
  [ 70 188 161]
  [ 96 215  11]]

 ...

 [[170  74 253]
  [ 71 213  11]
  [ 33 183 205]
  ...
  [239  91 140]
  [  6 225 185]
  [207   3  63]]

 [[251  40  49]
  [ 99 124 219]
  [  5  28 190]
  ...
  [ 74  37 132]
  [179 235 152]
  [  6 135 255]]

 [[175 197 164]
  [  6 217 157]
  [255 104  59]
  ...
  [204  15 222]
  [209   4 152]
  [ 34 102 194]]]
